##FastQC	0.12.1
>>Basic Statistics	pass
#Measure	Value
Filename	SRR32410565.fastq.gz
File type	Conventional base calls
Encoding	Sanger / Illumina 1.9
Total Sequences	196031
Total Bases	809.2 Mbp
Sequences flagged as poor quality	0
Sequence length	9-58041
%GC	52
>>END_MODULE
>>Per base sequence quality	warn
#Base	Mean	Median	Lower Quartile	Upper Quartile	10th Percentile	90th Percentile
1	33.25401594645745	37.0	23.0	44.0	11.0	50.0
2	34.316949870173595	38.0	24.0	47.0	11.0	50.0
3	35.406466324203826	39.0	27.0	48.0	12.0	50.0
4	35.672424259428354	39.0	27.0	48.0	12.0	50.0
5	36.29010207569211	40.0	28.0	50.0	12.0	50.0
6	38.26487647361897	42.0	32.0	50.0	14.0	50.0
7	38.43072779305314	43.0	33.0	50.0	14.0	50.0
8	38.74386194020334	43.0	33.0	50.0	14.0	50.0
9	39.05870500073968	43.0	34.0	50.0	15.0	50.0
10-999	40.86547562229974	46.6949494949495	36.86868686868687	50.0	18.05757575757576	50.0
1000-1999	41.17489144691415	47.026	37.956	50.0	18.996	50.0
2000-2999	41.20671240835786	47.238	37.997	50.0	18.999	50.0
3000-3999	41.246614265372116	47.59	38.0	50.0	19.0	50.0
4000-4999	41.234930022000945	47.578	37.993	50.0	18.99	50.0
5000-5999	41.25856932610595	47.616	37.988	50.0	19.049	50.0
6000-6999	41.23222731519554	47.523	37.884	50.0	18.932	50.0
7000-7999	40.80262749460221	47.041	36.94	50.0	17.411	50.0
8000-8999	38.35803126765828	44.565	30.582	50.0	11.897	50.0
9000-9999	28.94004140897913	30.888	12.544	45.002	5.518	49.755
10000-10999	22.579747166927913	20.43327239488117	7.8574040219378425	36.747714808043874	3.8391224862888484	47.0127970749543
11000-11999	21.803287445407154	NaN	NaN	NaN	NaN	NaN
12000-12999	20.75508858472783	NaN	NaN	NaN	NaN	NaN
13000-13999	18.62550548595665	NaN	NaN	NaN	NaN	NaN
14000-14999	16.550156349458696	NaN	NaN	NaN	NaN	NaN
15000-15999	12.760218264661093	NaN	NaN	NaN	NaN	NaN
16000-16999	11.239015984505697	NaN	NaN	NaN	NaN	NaN
17000-17999	8.37462579365079	NaN	NaN	NaN	NaN	NaN
18000-18999	5.508183333333334	NaN	NaN	NaN	NaN	NaN
19000-19999	6.31625	NaN	NaN	NaN	NaN	NaN
20000-20999	5.817	NaN	NaN	NaN	NaN	NaN
21000-21999	6.87758333333333	NaN	NaN	NaN	NaN	NaN
22000-22999	4.878833333333334	NaN	NaN	NaN	NaN	NaN
23000-23999	5.609	NaN	NaN	NaN	NaN	NaN
24000-24999	5.191	NaN	NaN	NaN	NaN	NaN
25000-25999	4.6955	NaN	NaN	NaN	NaN	NaN
26000-26999	6.1815	NaN	NaN	NaN	NaN	NaN
27000-27999	4.344	NaN	NaN	NaN	NaN	NaN
28000-28999	4.4075	NaN	NaN	NaN	NaN	NaN
29000-29999	4.45	NaN	NaN	NaN	NaN	NaN
30000-30999	5.332	NaN	NaN	NaN	NaN	NaN
31000-31999	4.953	NaN	NaN	NaN	NaN	NaN
32000-32999	4.8905	NaN	NaN	NaN	NaN	NaN
33000-33999	4.1925	NaN	NaN	NaN	NaN	NaN
34000-34999	6.1125	NaN	NaN	NaN	NaN	NaN
35000-35999	4.4685	NaN	NaN	NaN	NaN	NaN
36000-36999	4.5095	NaN	NaN	NaN	NaN	NaN
37000-37999	4.6115	NaN	NaN	NaN	NaN	NaN
38000-38999	3.9945	NaN	NaN	NaN	NaN	NaN
39000-39999	2.484	NaN	NaN	NaN	NaN	NaN
40000-40999	5.442	NaN	NaN	NaN	NaN	NaN
41000-41999	3.312	NaN	NaN	NaN	NaN	NaN
42000-42999	3.307	NaN	NaN	NaN	NaN	NaN
43000-43999	2.93	NaN	NaN	NaN	NaN	NaN
44000-44999	2.585	NaN	NaN	NaN	NaN	NaN
45000-45999	2.37	NaN	NaN	NaN	NaN	NaN
46000-46999	2.419	NaN	NaN	NaN	NaN	NaN
47000-47999	4.591	NaN	NaN	NaN	NaN	NaN
48000-48999	9.538	NaN	NaN	NaN	NaN	NaN
49000-49999	8.539	NaN	NaN	NaN	NaN	NaN
50000-50999	3.374	NaN	NaN	NaN	NaN	NaN
51000-51999	5.683	NaN	NaN	NaN	NaN	NaN
52000-52999	6.004	NaN	NaN	NaN	NaN	NaN
53000-53999	6.364	NaN	NaN	NaN	NaN	NaN
54000-54999	5.235	NaN	NaN	NaN	NaN	NaN
55000-55999	4.108	NaN	NaN	NaN	NaN	NaN
56000-56999	6.689	NaN	NaN	NaN	NaN	NaN
57000-57999	2.003	NaN	NaN	NaN	NaN	NaN
58000-58041	2.0	NaN	NaN	NaN	NaN	NaN
>>END_MODULE
>>Per sequence quality scores	pass
#Quality	Count
2	1.0
3	2.0
4	4.0
5	20.0
6	61.0
7	89.0
8	158.0
9	267.0
10	517.0
11	1020.0
12	1366.0
13	1347.0
14	1138.0
15	865.0
16	588.0
17	466.0
18	382.0
19	384.0
20	386.0
21	455.0
22	491.0
23	575.0
24	631.0
25	716.0
26	830.0
27	885.0
28	976.0
29	1135.0
30	1176.0
31	1401.0
32	1634.0
33	1810.0
34	2106.0
35	2653.0
36	3229.0
37	3838.0
38	4798.0
39	6069.0
40	8021.0
41	11616.0
42	16673.0
43	25612.0
44	35631.0
45	35389.0
46	16497.0
47	2072.0
48	48.0
49	3.0
>>END_MODULE
>>Per base sequence content	fail
#Base	G	A	T	C
1	3.733083032785631	92.22265866113013	1.8027760915365425	2.241482214547699
2	31.593472460988316	19.453555815151685	19.111773137922064	29.84119858593794
3	10.26521315506221	10.373869439017298	28.173605195096695	51.1873122108238
4	34.37925634210915	14.495666501726767	15.447556763981208	35.67752039218287
5	50.5011962393703	28.796975988491617	9.868337150756767	10.833490621381312
6	31.91944131285358	19.236243247241507	22.476036953339012	26.3682784865659
7	28.36592171646321	25.578097341746968	22.817309507169785	23.238671434620034
8	25.21744009875989	30.8553239028521	24.642531028255735	19.284704970132275
9	17.341644943911934	30.54108788916039	31.6919262769664	20.425340889961284
10-999	25.938490380382973	24.043401610825118	24.104009877005375	25.914098131786538
1000-1999	26.079771696559384	23.914433871044913	23.942152331926632	26.06364210046907
2000-2999	26.15820870731437	23.844287942415086	23.88335482949774	26.114148520772808
3000-3999	26.209688623992932	23.79172257817183	23.85530726773816	26.143281530097077
4000-4999	26.278242604429835	23.74991106536955	23.81663959167645	26.155206738524168
5000-5999	26.320257052042006	23.74292692264	23.798132557115736	26.138683468202263
6000-6999	26.247967010843936	23.7382867895522	23.835587053179864	26.178159146424
7000-7999	26.25739686943363	23.715238260376108	23.84908337142767	26.17828149876259
8000-8999	26.41002890752454	23.803986948681988	23.942370989438736	25.843613154354735
9000-9999	26.669603629133082	24.212080441020632	24.42639932370486	24.691916606141426
10000-10999	27.223041876606445	24.672215572196084	24.81696962948529	23.28777292171218
11000-11999	27.316751898341856	25.23761557931711	24.287153262048662	23.15847926029237
12000-12999	26.59312640543938	26.226605520831487	25.583865998548085	21.596402075181047
13000-13999	26.50390575942531	25.88350538768744	26.370783412453218	21.241805440434028
14000-14999	24.494481890230354	26.18324568550478	29.638545292941266	19.683727131323607
15000-15999	24.901305800182204	29.481728919931165	30.08907784188683	15.527887437999798
16000-16999	30.091481703659266	29.904019196160768	27.06958608278344	12.934913017396521
17000-17999	28.698824483177948	31.063369814889878	24.69936495068234	15.538440751249832
18000-18999	29.067564723216165	45.63249842138497	17.23847611029257	8.061460745106293
19000-19999	30.5	35.475	26.275	7.75
20000-20999	33.15	33.225	26.325	7.3
21000-21999	33.78552971576227	33.72093023255814	19.315245478036175	13.178294573643413
22000-22999	28.953330312641594	36.74671499773448	30.901676483914812	3.398278205709107
23000-23999	34.5	39.050000000000004	26.35	0.1
24000-24999	33.45	48.75	17.05	0.75
25000-25999	23.150000000000002	32.6	34.449999999999996	9.8
26000-26999	20.75	42.6	9.8	26.85
27000-27999	29.45	35.35	31.3	3.9
28000-28999	21.099999999999998	29.9	47.599999999999994	1.4000000000000001
29000-29999	29.15	39.4	23.65	7.8
30000-30999	28.4	45.35	18.35	7.9
31000-31999	29.2	41.6	21.55	7.6499999999999995
32000-32999	26.700000000000003	30.099999999999998	33.6	9.6
33000-33999	32.85	39.85	25.05	2.25
34000-34999	28.7	37.6	25.6	8.1
35000-35999	25.650000000000002	40.699999999999996	29.95	3.6999999999999997
36000-36999	32.05	34.25	32.550000000000004	1.15
37000-37999	31.6	32.6	32.35	3.45
38000-38999	37.48680042238649	42.344244984160504	18.690601900739175	1.478352692713833
39000-39999	33.900000000000006	34.0	32.1	0.0
40000-40999	24.0	26.6	49.4	0.0
41000-41999	37.0	50.3	12.6	0.1
42000-42999	41.699999999999996	50.5	7.8	0.0
43000-43999	27.1	37.2	26.6	9.1
44000-44999	22.1	42.199999999999996	32.5	3.2
45000-45999	3.4000000000000004	23.1	71.8	1.7000000000000002
46000-46999	11.4	20.4	63.800000000000004	4.3999999999999995
47000-47999	41.3	37.6	18.5	2.6
48000-48999	43.0	49.7	7.3	0.0
49000-49999	28.799999999999997	61.4	9.8	0.0
50000-50999	13.600000000000001	22.8	60.9	2.7
51000-51999	39.900000000000006	40.0	20.1	0.0
52000-52999	38.9	39.5	20.0	1.6
53000-53999	39.800000000000004	40.0	19.8	0.4
54000-54999	39.6	40.0	20.1	0.3
55000-55999	27.0	38.7	31.0	3.3000000000000003
56000-56999	43.4	49.0	7.1	0.5
57000-57999	17.8	25.5	48.0	8.7
58000-58041	40.476190476190474	38.095238095238095	21.428571428571427	0.0
>>END_MODULE
>>Per sequence GC content	fail
#GC Content	Count
0	0.0
1	0.0
2	0.0
3	0.0
4	0.0
5	0.0
6	0.0
7	0.0
8	0.0
9	0.0
10	0.0
11	0.0
12	0.0
13	0.0
14	0.0
15	0.0
16	0.5
17	0.5
18	0.0
19	0.0
20	0.0
21	0.5
22	0.5
23	0.5487804878048781
24	0.6818181818181819
25	0.9383269312846778
26	1.1060606060606062
27	0.38095238095238093
28	1.3783999542657406
29	4.564141921699658
30	5.3326766573879585
31	5.028415531275404
32	6.952700804351542
33	9.729824893363167
34	10.893509335378766
35	17.691849911523548
36	25.39955640424124
37	31.764613514432966
38	34.81472487426459
39	46.269376283213816
40	55.69241480509637
41	68.01632728609574
42	92.63982199895864
43	105.41369977635368
44	119.93831548283187
45	146.1813709731351
46	180.52188186991427
47	218.37478300020484
48	281.6791577394402
49	342.35896020537626
50	443.34285142115664
51	590.9871300694554
52	751.6980784879335
53	827.7096430189101
54	843.2784410078159
55	743.3388487798998
56	546.8804830657676
57	363.4679379480551
58	218.2471684623837
59	132.87138927560562
60	79.50505762354328
61	40.99761717421087
62	22.135925150875757
63	16.58910616628804
64	13.108194105213304
65	8.734460522882085
66	4.603884283131748
67	4.13754629305335
68	2.461100314714466
69	1.7181957827119114
70	1.0909090909090908
71	1.3333333333333333
72	0.5
73	0.09090909090909091
74	0.0
75	0.0
76	0.024390243902439025
77	0.0
78	0.0
79	0.0
80	0.0
81	0.01098901098901099
82	0.0
83	0.0
84	0.0
85	0.0
86	0.0
87	0.0
88	0.0
89	0.0
90	0.0
91	0.0
92	0.0
93	0.0
94	0.0
95	0.0
96	0.0
97	0.0
98	0.0
99	0.0
100	0.0
>>END_MODULE
>>Per base N content	pass
#Base	N-Count
1	0.0
2	0.0
3	0.0
4	0.0
5	0.0
6	0.0
7	0.0
8	0.0
9	0.0
10-999	0.0
1000-1999	0.0
2000-2999	0.0
3000-3999	0.0
4000-4999	0.0
5000-5999	0.0
6000-6999	0.0
7000-7999	0.0
8000-8999	0.0
9000-9999	0.0
10000-10999	0.0
11000-11999	0.0
12000-12999	0.0
13000-13999	0.0
14000-14999	0.0
15000-15999	0.0
16000-16999	0.0
17000-17999	0.0
18000-18999	0.0
19000-19999	0.0
20000-20999	0.0
21000-21999	0.0
22000-22999	0.0
23000-23999	0.0
24000-24999	0.0
25000-25999	0.0
26000-26999	0.0
27000-27999	0.0
28000-28999	0.0
29000-29999	0.0
30000-30999	0.0
31000-31999	0.0
32000-32999	0.0
33000-33999	0.0
34000-34999	0.0
35000-35999	0.0
36000-36999	0.0
37000-37999	0.0
38000-38999	0.0
39000-39999	0.0
40000-40999	0.0
41000-41999	0.0
42000-42999	0.0
43000-43999	0.0
44000-44999	0.0
45000-45999	0.0
46000-46999	0.0
47000-47999	0.0
48000-48999	0.0
49000-49999	0.0
50000-50999	0.0
51000-51999	0.0
52000-52999	0.0
53000-53999	0.0
54000-54999	0.0
55000-55999	0.0
56000-56999	0.0
57000-57999	0.0
58000-58041	0.0
>>END_MODULE
>>Sequence Length Distribution	warn
#Length	Count
0-1999	15890.0
2000-3999	83999.0
4000-5999	68267.0
6000-7999	24966.0
8000-9999	2772.0
10000-11999	73.0
12000-13999	30.0
14000-15999	17.0
16000-17999	11.0
18000-19999	2.0
20000-21999	1.0
22000-23999	1.0
24000-25999	0.0
26000-27999	0.0
28000-29999	0.0
30000-31999	0.0
32000-33999	0.0
34000-35999	0.0
36000-37999	0.0
38000-39999	1.0
40000-41999	0.0
42000-43999	0.0
44000-45999	0.0
46000-47999	0.0
48000-49999	0.0
50000-51999	0.0
52000-53999	0.0
54000-55999	0.0
56000-57999	0.0
58000-58042	1.0
>>END_MODULE
>>Sequence Duplication Levels	pass
#Total Deduplicated Percentage	95.57161022381287
#Duplication Level	Percentage of total
1	91.77576706820493
2	7.071469026204959
3	0.601936325703027
4	0.10416713861794227
5	0.034045305936094124
6	0.02878107073779712
7	0.03335687634453214
8	0.022733655454100797
9	0.0085251207952878
>10	0.2462812674194253
>50	0.07293714458190673
>100	0.0
>500	0.0
>1k	0.0
>5k	0.0
>10k+	0.0
>>END_MODULE
>>Overrepresented sequences	pass
>>END_MODULE
>>Adapter Content	pass
#Position	Illumina Universal Adapter	Illumina Small RNA 3' Adapter	Illumina Small RNA 5' Adapter	Nextera Transposase Sequence	PolyA	PolyG
1	0.0	0.0	0.0	0.0	0.0025506169942509094	5.101233988501819E-4
2	0.0	0.0	0.0	0.0	0.0030607403931010913	0.0010202467977003637
3	0.0	5.101233988501819E-4	0.0	0.0	0.0030607403931010913	0.0010202467977003637
4	0.0	5.101233988501819E-4	0.0	0.0	0.003570863791951273	0.0015303701965505457
5	0.0	5.101233988501819E-4	0.0	0.0	0.004080987190801455	0.0015303701965505457
6	0.0	5.101233988501819E-4	0.0	0.0	0.004080987190801455	0.0015303701965505457
7	0.0	5.101233988501819E-4	0.0	0.0	0.004080987190801455	0.0020404935954007274
8	0.0	5.101233988501819E-4	0.0	0.0	0.004080987190801455	0.0020404935954007274
9	0.0	5.101233988501819E-4	0.0	0.0	0.004080987190801455	0.0020404935954007274
10-999	5.090928465292812E-4	0.006676433211011923	0.00586435798213528	3.957320912292363E-4	0.258099252390971	0.03300756028640938
1000-1999	5.101233988501902E-4	0.018886298595630114	0.014019721370599631	0.001433446750769026	0.32710693716810074	0.05237436935994824
2000-2999	7.605939876856283E-4	0.027225795920032877	0.020652345802449804	0.002242502461345401	0.38923180517367206	0.11165580954032772
3000-3999	0.0014885400778448512	0.03739765649310607	0.02943973147104298	0.0025506169942509124	0.4401079421111956	0.17443873673041477
4000-4999	0.002040493595400761	0.04366452244798041	0.035422968816156794	0.002852610046370218	0.48555891670194995	0.2484117307976799
5000-5999	0.002040493595400761	0.04708438971387159	0.03821844504185658	0.0030607403931011113	0.5153037019655077	0.34439910014232517
6000-6999	0.002040493595400761	0.049066219118403955	0.03924787406073546	0.0030607403931011113	0.5285546673740411	0.3565038182736476
7000-7999	0.002040493595400761	0.04948196968846692	0.040755798827735966	0.0030607403931011113	0.533540103351007	0.35863970494462283
8000-8999	0.002040493595400761	0.04948196968846692	0.04131999530686428	0.0030607403931011113	0.5359126872790667	0.35938754584733423
9000-9999	0.002040493595400761	0.04948196968846692	0.04131999530686428	0.0030607403931011113	0.5376113981972205	0.3600920262611564
10000-10999	0.002040493595400761	0.04948196968846692	0.04131999530686428	0.0030607403931011113	0.5381801857869312	0.3608403772872675
11000-11999	0.002040493595400761	0.04948196968846692	0.04131999530686428	0.0030607403931011113	0.5381801857869312	0.36116736638592795
12000-12999	0.002040493595400761	0.04948196968846692	0.04131999530686428	0.0030607403931011113	0.5381801857869312	0.36116736638592795
13000-13999	0.002040493595400761	0.04948196968846692	0.04131999530686428	0.0030607403931011113	0.5381801857869312	0.36116736638592795
14000-14999	0.002040493595400761	0.04948196968846692	0.04131999530686428	0.0030607403931011113	0.5381801857869312	0.36116736638592795
15000-15999	0.002040493595400761	0.04948196968846692	0.04131999530686428	0.0030607403931011113	0.5381801857869312	0.36116736638592795
16000-16999	0.002040493595400761	0.04948196968846692	0.04131999530686428	0.0030607403931011113	0.5381801857869312	0.36134131846493234
17000-17999	0.002040493595400761	0.04948196968846692	0.04131999530686428	0.0030607403931011113	0.5381801857869312	0.3621876131836263
18000-18999	0.002040493595400761	0.04948196968846692	0.04131999530686428	0.0030607403931011113	0.5381801857869312	0.3621876131836263
19000-19999	0.002040493595400761	0.04948196968846692	0.04131999530686428	0.0030607403931011113	0.5381801857869312	0.3621876131836263
20000-20999	0.002040493595400761	0.04948196968846692	0.04131999530686428	0.0030607403931011113	0.5381801857869312	0.3621876131836263
21000-21999	0.002040493595400761	0.04948196968846692	0.04131999530686428	0.0030607403931011113	0.5381801857869312	0.3621876131836263
22000-22999	0.002040493595400761	0.04948196968846692	0.04131999530686428	0.0030607403931011113	0.5381801857869312	0.3621876131836263
23000-23999	0.002040493595400761	0.04948196968846692	0.04131999530686428	0.0030607403931011113	0.5381801857869312	0.3621876131836263
24000-24999	0.002040493595400761	0.04948196968846692	0.04131999530686428	0.0030607403931011113	0.5381801857869312	0.3621876131836263
25000-25999	0.002040493595400761	0.04948196968846692	0.04131999530686428	0.0030607403931011113	0.5381801857869312	0.3621876131836263
26000-26999	0.002040493595400761	0.04948196968846692	0.04131999530686428	0.0030607403931011113	0.5381801857869312	0.3621876131836263
27000-27999	0.002040493595400761	0.04948196968846692	0.04131999530686428	0.0030607403931011113	0.5381801857869312	0.3621876131836263
28000-28999	0.002040493595400761	0.04948196968846692	0.04131999530686428	0.0030607403931011113	0.5381801857869312	0.3621876131836263
29000-29999	0.002040493595400761	0.04948196968846692	0.04131999530686428	0.0030607403931011113	0.5381801857869312	0.3621876131836263
30000-30999	0.002040493595400761	0.04948196968846692	0.04131999530686428	0.0030607403931011113	0.5381801857869312	0.3621876131836263
31000-31999	0.002040493595400761	0.04948196968846692	0.04131999530686428	0.0030607403931011113	0.5381801857869312	0.3621876131836263
32000-32999	0.002040493595400761	0.04948196968846692	0.04131999530686428	0.0030607403931011113	0.5381801857869312	0.3621876131836263
33000-33999	0.002040493595400761	0.04948196968846692	0.04131999530686428	0.0030607403931011113	0.5381801857869312	0.3621876131836263
34000-34999	0.002040493595400761	0.04948196968846692	0.04131999530686428	0.0030607403931011113	0.5381801857869312	0.3621876131836263
35000-35999	0.002040493595400761	0.04948196968846692	0.04131999530686428	0.0030607403931011113	0.5381801857869312	0.3621876131836263
36000-36999	0.002040493595400761	0.04948196968846692	0.04131999530686428	0.0030607403931011113	0.5381801857869312	0.3621876131836263
37000-37999	0.002040493595400761	0.04948196968846692	0.04131999530686428	0.0030607403931011113	0.5381801857869312	0.3621876131836263
38000-38999	0.002040493595400761	0.04948196968846692	0.04131999530686428	0.0030607403931011113	0.5381801857869312	0.3624217598237105
39000-39999	0.002040493595400761	0.04948196968846692	0.04131999530686428	0.0030607403931011113	0.5381801857869312	0.36269773658248444
40000-40999	0.002040493595400761	0.04948196968846692	0.04131999530686428	0.0030607403931011113	0.5381801857869312	0.36269773658248444
41000-41999	0.002040493595400761	0.04948196968846692	0.04131999530686428	0.0030607403931011113	0.5381801857869312	0.36269773658248444
42000-42999	0.002040493595400761	0.04948196968846692	0.04131999530686428	0.0030607403931011113	0.5381801857869312	0.36269773658248444
43000-43999	0.002040493595400761	0.04948196968846692	0.04131999530686428	0.0030607403931011113	0.5381801857869312	0.36269773658248444
44000-44999	0.002040493595400761	0.04948196968846692	0.04131999530686428	0.0030607403931011113	0.5381801857869312	0.36269773658248444
45000-45999	0.002040493595400761	0.04948196968846692	0.04131999530686428	0.0030607403931011113	0.5381801857869312	0.36269773658248444
46000-46999	0.002040493595400761	0.04948196968846692	0.04131999530686428	0.0030607403931011113	0.5381801857869312	0.36269773658248444
47000-47999	0.002040493595400761	0.04948196968846692	0.04131999530686428	0.0030607403931011113	0.5381801857869312	0.36269773658248444
48000-48999	0.002040493595400761	0.04948196968846692	0.04131999530686428	0.0030607403931011113	0.5381801857869312	0.36269773658248444
49000-49999	0.002040493595400761	0.04948196968846692	0.04131999530686428	0.0030607403931011113	0.5381801857869312	0.36269773658248444
50000-50999	0.002040493595400761	0.04948196968846692	0.04131999530686428	0.0030607403931011113	0.5381801857869312	0.36269773658248444
51000-51999	0.002040493595400761	0.04948196968846692	0.04131999530686428	0.0030607403931011113	0.5381801857869312	0.36269773658248444
52000-52999	0.002040493595400761	0.04948196968846692	0.04131999530686428	0.0030607403931011113	0.5381801857869312	0.36269773658248444
53000-53999	0.002040493595400761	0.04948196968846692	0.04131999530686428	0.0030607403931011113	0.5381801857869312	0.36269773658248444
54000-54999	0.002040493595400761	0.04948196968846692	0.04131999530686428	0.0030607403931011113	0.5381801857869312	0.36269773658248444
55000-55999	0.002040493595400761	0.04948196968846692	0.04131999530686428	0.0030607403931011113	0.5381801857869312	0.36269773658248444
56000-56999	0.002040493595400761	0.04948196968846692	0.04131999530686428	0.0030607403931011113	0.5381801857869312	0.36269773658248444
57000-57999	0.002040493595400761	0.04948196968846692	0.04131999530686428	0.0030607403931011113	0.5381801857869312	0.36269773658248444
58000-58030	0.002040493595400727	0.04948196968846764	0.04131999530686474	0.00306074039310109	0.5381801857869418	0.3626977365824793
>>END_MODULE
